x
0.0152250508316884
0.0178166384109669
0.0202106707205815
0.0225220830001834
0.0250722971353227
0.0280544129218877
0.0311822958801435
0.0339052815320341
0.0373687841072006
0.0386322318290384
0.0420949151363368
0.0469431069141405
0.0495809864342682
0.0526459540435299
0.0553768005957898
0.0568700220833321
0.059270261711661
0.0619413504833318
0.0607789604035664
0.0615911101526213
0.0648565129543436
0.0680682848369823
0.0715353640275637
0.0777045314221924
0.0838400049545822
0.0900992009798045
0.0994203151943276
0.107499756053715
0.117825960333983
0.125996109531035
0.135616910414995
0.143134676519431
0.150885532579814
0.158127618525128
0.175833259069228
0.190624618981209
0.20108924876848
0.205808008717404
0.219597284771388
0.230449641473438
0.239260375691788
0.255545679047666
0.273448862353012
0.285001498450534
0.294253783126281
0.31343292359405
0.337393543716094
0.351824664821139
0.393173625686184
0.409661505885287
0.436106933138943
0.483293274555905
0.519223473905282
0.572019595912458
0.631213357372503
0.702557799043809
0.798146612801729
0.871741009347286
0.995390997795882
1.1606955035569
1.31462209426176
1.45424754895303
1.59634410072122
1.75134050402215
1.87818732873489
2.02738573570821
2.17623494969106
2.31082012513251
2.37371588987991
2.51010095678419
2.55397223969643
2.60975676299705
2.62948603353645
2.77092105482648
2.87819732754285
2.88049451867536
2.94890404923136
2.98194989844408
2.85887713966222
2.77707877141522
2.63766641168112
2.56629625191682
2.5299653015276
2.37222856657587
2.29407783482432
2.23067520360003
2.12853807760151
2.06970790698654
1.99963978756586
1.89612699536543
1.79617796073491
1.67791999077939
1.65291485199476
1.57231664981193
1.43933196265356
1.39235674158143
1.49172427344577
1.54912817533254
1.56192907940288
1.6167971417115
1.64942312983536
1.61935563296594
1.58618027326778
1.49547568123873
1.45637258008081
1.39579631841287
1.34362904568076
1.4642960998363
1.59779340378819
1.7410464383456
1.92672251036816
2.06572166236343
2.21634706436158
2.27594621835765
2.27525110208513
2.37604478213494
2.40196712388133
2.38092502729193
2.35047278281844
2.46000498699984
2.56426785219179
2.74352304028368
2.81804415020222
2.87233672945419
2.95352359013226
3.00859112002991
3.07545478751601
3.17828075593049
3.21944287858113
3.34891442904842
3.34329571554745
3.47753929038373
3.52084849174687
3.70681414525582
4.00306324167977
4.28946080654001
4.42548310516769
4.59003802567515
4.69044552917034
4.81639476630302
4.70808829464698
4.74844558435842
4.62588936260218
4.76478149026846
4.74846686131342
5.04225007992252
5.34923909253468
5.60679724309804
5.91582319212534
6.11305824688693
6.43642889913847
6.60010406146473
6.66441459465506
6.5670718223284
6.38501803683701
6.08096491970394
5.82938143372843
5.50745792073082
5.28667226292793
5.32201973212657
5.36831351386344
5.39052117129204
5.49198931042555
5.55400497284878
5.40796368142156
5.42435371301576
5.35746405118851
5.30118834042474
5.271762719801
5.11165657106154
4.85207328490854
4.63026906451464
4.17767029245769
3.79457677803256
3.35588072213003
2.98874128028348
2.82005360794071
2.79521194267952
2.77202237854384
2.64210302905619
2.51815313369977
2.46357861200845
2.41751706437544
2.44093794175944
2.48716387491591
2.49924345247417
2.58668506224912
2.49686022364447
2.56603157040197
2.5405762861382
2.41858400095584
2.39524661879946
2.32663317377106
2.194944705098
2.13998529947645
2.08968336513571
2.06493636762161
1.99373707219649
1.88859114340919
1.88487321991586
1.84380129740378
1.73376911985854
1.6257844946524
1.61975081604676
1.54661255676562
1.43403636193354
1.32496751478272
1.21911755112498
1.14503271918037
1.13822163028614
1.05861296135722
0.96752468439713
0.906825300372564
0.875033949998757
0.798183093918218
0.748963107249112
0.713655235773056
0.706949816420032
0.766101886449446
0.841287742236831
0.936576430594112
0.978408611162238
0.941442705922902
1.01547810621233
1.10196381421993
1.1866527399673
1.22273800132951
1.2308024882076
1.24873724425512
1.29963337111542
1.37675837314373
1.46921460539444
1.53383512087914
1.61139749625533
1.7415869773402
2.01536568662174
2.27349563819368
2.68249641326367
3.10359146507999
3.47373133758974
3.93592128644392
4.42414253417599
4.84359020678462
5.28026548690543
5.71884318261037
6.19924151004949
6.45201686048483
6.72053711740118
6.83651054606611
6.84106074085498
6.91683762453299
7.11166896991957
7.41473958100935
7.86533471098309
8.41887148775591
8.98128964162951
9.5675517008541
9.89622042851674
9.97258232129627
9.61781338926638
9.06819744914996
8.5574782846062
7.95225045456452
7.36078932576435
6.87867414532357
6.13697667940453
5.52567135938677
5.0912517072686
4.56810910963444
4.08073795065194
3.70177065537784
3.27229193516279
2.93012877024009
2.70323128499807
2.4650827394409
2.24363419393208
2.16188152037406
1.96538045603544
1.7811472764554
1.71811312943052
1.70048794400446
1.65000818532835
1.59775894350863
1.54112616920034
1.45543985188569
1.40726293746429
1.3165905564835
1.23820821370749
1.16693192407289
1.09309929741608
1.00831355400121
0.915232535023191
0.816544778323838
0.719838069274046
0.658568100602275
0.587771526264956
0.529178981754546
0.45090458135317
0.385165541182842
0.343262227527206
0.313276782204061
0.268025507405259
0.237359381202886
0.195261706067968
0.168214030522843
0.161317615188385
0.164637140397763
0.152695335008213
0.140819195128003
0.132811564271389
0.130077197513404
0.115124371748493
0.109628293180244
0.100149750343564
0.0958381566293239
0.0937357297304592
0.0878694623940572
0.0815646935140941
0.0809672592713131
0.0772776116671829
0.0705096505191715
0.0654645874396288
0.0619539886251525
0.058063661317955
0.0572831648364242
0.0570672117555053
0.0527228510720489
0.0508046943879379
0.0510696407603494
0.0487359699471797
0.0448403388627108
0.0373013641099075
0.0359863572138953
0.0363543293121064
0.0332748505959889
0.0300546058482524
0.0266248891765028
0.0253578227856768
0.0241699847436788
0.023258550210134
0.0215885854414125
0.0215945594284724
0.0214799833480699
0.0188917174429992
0.0181021606625406
0.0184380538573127
0.0168711578313632
0.01715902910814
0.0176456544774673
0.016730401925926
0.0149375729623695
0.0137241818150082
0.0132201530333083
0.0128003756423939
0.0133130914598696
0.0133522437142282
0.012837969441822
0.0122423250770853
0.0127014626210949
0.0133236752905215
0.0120882611067819
0.0133430374410049
0.012969283733824
0.0137568211110025
0.0133239344903463
0.0134022407377001
0.0125634790077882
0.0125005908013672
0.0130166793061111
0.0121514456485467
0.0118103123500617
0.0105966474616491
0.0106489804707479
0.0112541442603647
0.00998828000970335
0.00984836334025378
0.00913120142537544
0.0100577562729165
0.00936364967711542
0.00945987552507279
0.00926798002643349
0.00910957451400824
0.00781524996982277
0.00742869143610375
0.00754274990650629
0.00812804907708078
0.00844855445163767
0.00800540103428906
0.00731903427866664
0.00767354233862625
0.00772651808679962
0.00750325201400489
0.00707481268281642
0.00717424791067783
0.00697492221074607
0.00698143658267439
0.00729766626324941
0.00716251471380747
0.00740099520375567
0.00743372099831494
0.00800323934608862
0.00799671954506784
0.00726065252742885
0.00686848787222506
0.00675025647135094
0.00682016926939652
0.00683108066183557
0.00659064566446839
0.00630626958256824
0.00651502906441506
0.00652405478513213
0.00657496402139092
0.0060215935718092
0.0058235101136548
0.00523974017282532
0.00512336993857148
0.00546643847900394
0.00518190449852469
0.00523768812840845
0.00521055085791733
0.0051994962675753
0.0049738290130357
0.00463093950693296
0.00423123823460726
0.00429974698291102
0.00433505611698452
0.00471963742434511
0.0046418769584762
0.0047640229469211
0.00479057999748117
0.00484887974371357
0.00493253789320606
0.00477658986272795
0.00493962164073024
0.00490352893660403
0.00460538625020962
0.00469738850896722
0.00450420066069715
0.00431619046279175
0.00384120637793573
0.00378514334465313
0.00377089326963762
0.00367538894673728
0.00363087822195302
0.00336294791511355
0.00335110080782003
0.00375309206106979
0.00383946631580099
0.0039744098499401
0.00386550481849925
0.00393441130043954
0.00408379028972409
0.00435415421382833
0.00420546398816854
0.0037031682452882
0.00342014637923136
0.00321506929029454
0.00299465322006389
0.00286905364085035
0.00287507811242114
0.00273387990553191
0.00263214902687878
0.00252152055150722
0.00246113217030529
0.00240741721791794
0.00204867184557753
0.00199125461319711
0.00180526868173837
0.00152562916400072
0.00132735721418802
0.00113027100621641
0.000989580928610647
0.000822720242950789
0.000612876407695825
0.000510958514984278
0.000397474974951321
0.000323855077331057
0.000251833179958972
0.000185306141521248
0.000165747168765536
0.000156158246045107
0.000151007220401579
0.000128186114623997
0.000127835849364505
0.000125170660054668
0.000136722581316025
0.000126313234172801
8.96064135886922e-05
5.84183370861297e-05
5.70361642101891e-05
5.6320985517426e-05
4.43876141625852e-05
3.68650960825822e-05
3.12056036271907e-05
1.92321738504704e-05
1.34479940367146e-05
9.1972998250007e-06
6.18291533394546e-06
4.11982628216751e-06
2.68876195567701e-06
3.29618930739694e-06
2.00994472802103e-06
1.19615305349824e-06
9.34707797340773e-07
4.12043627230791e-07
2.16754856153429e-07
1.36788074874742e-07
1.30721096601275e-07
1.39119967271617e-07
6.37624970279447e-08
2.99735914937267e-08
1.36983315652723e-08
0
0
0
0
0
0
0
0
0
0
0
0
0
0
0
0
0
0
0
0
0
0
0
0
0
0
0
0
0
0
0
0
0
0
0
0
0
0
0
0
0
0
0
0
0
0
0
0
0
0
0
0
0
0
0
0
0
0
0
0
0
0
0
0
0
0
0
0
0
0
0
0
0
0
0
0
0
0
0
0
0
0
0
0
0
0
0
0
0
0
0
0
0
0
0
0
0
0
0
0
0
0
0
0
0
0
0
0
0
0
0
0
0
0
0
0
0
0
0
0
0
0
0
0
0
0
0
0
0
0
0
0
0
0
0
0
0
0
0
0
0
0
0
0
0
0
0
0
0
0
0
0
0
0
0
0
0
0
0
0
0
0
0
0
0
0
0
0
0
0
0
0
0
0
0
0
0
0
0
0
0
0
0
0
0
0
0
0
0
0
0
0
0
0
7.72388570203893e-18
7.36509794806848e-18
5.6745718754697e-18
3.34242587713454e-17
5.42599186097311e-17
5.42660470544504e-17
2.71434796148346e-17
0
0
4.24571272973527e-17
3.78317725054696e-16
6.29606208362953e-16
8.66072855385454e-16
2.30957264471633e-15
1.34793184007504e-14
4.21407260809134e-14
8.52498094216407e-14
2.3877360621226e-13
1.45386548552676e-12
8.17211625973064e-12
3.21753432936622e-11
3.25813485225374e-11
8.83776431368275e-11
1.17411086693583e-10
3.32459031835886e-10
1.11057141437777e-09
3.85450409423043e-09
1.28647285970337e-08
3.70268050501223e-08
1.13035083437531e-07
2.43383612657791e-07
6.924446361543e-07
1.76628363773649e-06
3.95244379902179e-06
9.77695224661448e-06
1.41862907542101e-05
3.74083854249378e-05
7.62944167625035e-05
0.000176906044960832
0.000529054487436697
0.0014275682127207
0.00267290012891607
0.00377259891182667
0.00772821825127446
0.0109009238037281
0.0175081201095195
0.0295420370367925
0.040528705176131
0.0649067297348856
0.0787870591611597
0.078209658388286
0.0877879657659647
0.113925555568621
0.151140208149609
0.18579014456646
0.25131237230486
0.358799852084587
0.478226958624518
0.651182971076726
0.839662258700304
1.02589825837843
1.19344697739909
1.2350017940653
1.21630650509234
1.04862050997438
0.80556449830821
0.551296167099252
0.426710998633147
0.29770183055596
0.206650224496796
0.145473194444035
0.0898706372188906
0.061938633430276
0.0335704052473024
0.0188059213461057
0.0103363797786453
0.00500650382296678
0.00307294219733363
0.00169610630248406
0.000873144212784564
0.00041115980407796
0.000171290853082963
9.59395974926502e-05
4.04631627499741e-05
2.06782325219393e-05
1.4184039198064e-05
6.95635410385007e-06
7.27708751189748e-06
4.46240113361492e-06
2.76160034643414e-06
1.82399582460823e-06
1.37560520620367e-06
1.10460958761674e-06
5.12109731971799e-07
3.35271540450495e-07
2.80833303684389e-07
2.37023143442718e-07
1.75385345275866e-07
1.07398415630265e-07
1.13959898002191e-07
1.09371977073251e-07
8.80289869135178e-08
5.91752656548129e-08
5.88867561179675e-08
4.56478084610763e-08
4.7994060138923e-08
4.17687739379943e-08
3.56345668317027e-08
2.82758699236793e-08
2.43447250577986e-08
5.50339975667552e-08
5.99295051293262e-08
9.58383894201305e-08
6.50174587797101e-08
7.20036837937264e-08
8.05522082227217e-08
7.63991860123978e-08
8.81507492411901e-08
1.22947354980299e-07
1.88898141188597e-07
3.14377385850587e-07
4.39317047291444e-07
1.10854944324136e-06
2.3821965491996e-06
4.24246523511577e-06
7.04353988164184e-06
1.24454958591657e-05
1.97352585069042e-05
2.53980482996129e-05
4.2833234273792e-05
5.25674776878442e-05
6.5458751106277e-05
9.36435542222578e-05
0.000117687452954811
0.00016547379246421
0.000144444531619923
0.000189090358565852
0.000245253184583024
0.000291925787607433
0.000290510368359847
0.000311571440549284
0.000422968424221937
0.000553459300886979
0.00087334564293777
0.000882502736454708
0.00116694490488151
0.0019741827955955
0.00319688097398954
0.00425680610747514
0.00534312807043182
0.00770930155594103
0.00819951150833673
0.0101481583946596
0.0125978585250263
0.0107059811876025
0.0110380383121827
0.0093084151286
0.0115709615010275
0.0167510565170814
0.0216580226021676
0.0234234806490641
0.0333461443696198
0.0375539301510455
0.0438176592203411
0.0317430641372497
0.0244721834742912
0.019027832729155
0.0148532771865585
0.009775895156748
0.00919841396289499
0.00810429750523739
0.00691236931763572
0.00733522940268568
0.00707342133297224
0.00877355711366621
0.00633583572217763
0.00545662494776625
0.00527023299607863
0.00512853113120792
0.00466153610460598
0.0039683732815648
0.00351439920281961
0.0042700511509595
0.00413650147051955
0.00263275756542428
0.00164540203727369
0.000932121617596625
0.000481095138781171
0.000243224040389663
0.000175040067389455
8.99407101042109e-05
7.45476932515282e-05
3.76285712797158e-05
1.90717052820458e-05
1.78413610375261e-05
1.31309054987319e-05
8.64428021244305e-06
4.76722969443632e-06
2.62166260234442e-06
1.83324874769811e-06
9.62548179006268e-07
8.09053568341275e-07
5.19829362114994e-07
2.46230041953027e-07
2.16083062404196e-07
2.42344550037759e-07
1.99232165696297e-07
1.72882345819143e-07
1.25008102222989e-07
7.19312847268609e-08
7.01432168416756e-08
9.24200450694597e-08
1.41463003120257e-07
1.40125612453023e-07
2.354788842531e-07
3.29666953156088e-07
9.53926630550478e-07
1.20659442476029e-06
1.6210480022224e-06
2.96687940619727e-06
6.12429036909905e-06
7.81663961614562e-06
1.54177113766364e-05
2.68603319921888e-05
4.5788550453237e-05
7.46954040405205e-05
7.48265448146898e-05
9.60209569133402e-05
0.000220516590509597
0.000403159519523438
0.000699128575154287
0.0011509931682716
0.00237710654423792
0.00387513053847204
0.00745370618922212
0.0123710389721405
0.0197611232928391
0.0289916393949337
0.0434561287608926
0.0639692953405454
0.0924665252106679
0.125124092467986
0.144137916175324
0.169413869781378
0.156467817327912
0.145164231516514
0.130440773310501
0.104957915957658
0.0829281599980936
0.0812308575383901
0.0738203867572794
0.0611412937154135
0.0431819777242432
0.0318823669766298
0.0221072743457087
0.015340798774059
0.0133185491894062
0.00694553795015931
0.00454022245697492
0.0035867829194393
0.00314181850189697
0.00165246522529847
0.00160103950023252
0.00113751756408664
0.000849154256899582
0.000695179209966682
0.000405539426302679
0.000278699961686653
0.000123174692556627
7.11574479264647e-05
3.41286682953215e-05
1.82699466478215e-05
1.03236248595077e-05
5.86328590574128e-06
2.51741808920269e-06
1.59935965090913e-06
1.09774537790541e-06
4.41541554780828e-07
3.41162547490109e-07
3.40750687866455e-07
3.42603688170414e-07
3.11829141986167e-07
5.85492591432836e-07
5.32507750569011e-07
6.28478423715066e-07
8.44554496001016e-07
1.22629350907211e-06
2.07790056680613e-06
1.85922246058952e-06
3.33056527231269e-06
3.9102536502039e-06
4.28707088134833e-06
6.24264812816532e-06
5.83650762885043e-06
8.41048065175297e-06
1.38001666356745e-05
1.42452615276789e-05
1.73545895229213e-05
1.2454635714733e-05
1.52966716319426e-05
2.06073646808182e-05
2.04418490655889e-05
1.0117734946928e-05
1.06213519827173e-05
4.35779216329426e-06
1.42200182102241e-06
9.16707036371486e-07
5.23022722543371e-07
2.30494332218402e-07
8.52652866742442e-08
3.01647806294252e-08
9.4918522924283e-09
2.77841286796803e-09
1.03404360378634e-09
3.90243406458733e-10
9.56266846691857e-11
2.5651656068727e-11
7.45326812626302e-12
