x
0.0156875598588573
0.0180599988081872
0.0198871487275045
0.0219104406172627
0.0253368969539132
0.0271026755602931
0.0299865984393723
0.0323677056541191
0.0337830645188882
0.0362999818248704
0.0390906535528256
0.0398606059220723
0.04177045259581
0.0458307989516889
0.0474702529044411
0.0503678221505648
0.0525019161465828
0.055506879551491
0.0582791807265332
0.0609750236452898
0.0641492870180169
0.0674824055045231
0.0690867087155625
0.0678594669908303
0.067536254662776
0.0721982907209136
0.0750546248979036
0.0710047960432993
0.0693068965114575
0.0665037518535413
0.0664376850970202
0.0652706989359926
0.0649311357773174
0.0637114691457212
0.0610371177326833
0.0587571158867681
0.0521704455301105
0.0525379881476342
0.0585383958410257
0.0632194429441677
0.0665066263289222
0.0693429349654136
0.073380281276935
0.0858664103190423
0.105595996238642
0.125108991898868
0.140598524021337
0.181713562204663
0.226122425337543
0.278152519657616
0.351774848545518
0.433214520596094
0.525889278257382
0.633504492538152
0.741862378248953
0.859673582697283
0.965891331204794
1.10251190141042
1.23300941442683
1.3772294544744
1.52191081276689
1.63264896410589
1.78672892800795
1.95830394813257
2.06329413760239
2.18237672043173
2.30086264120107
2.42054735884189
2.54515366938266
2.62311222882216
2.70949431910252
2.73776816571899
2.72097275521917
2.5791115135836
2.45845512508868
2.29597396771787
2.18455880462735
2.07205745848062
1.89236753337703
1.68537506918168
1.44331647956885
1.15020015985043
1.10731118279072
1.0909194765769
1.1933491534006
1.22357762172712
1.32829749548758
1.43776285844485
1.52942129004644
1.60008238400995
1.65984482618225
1.74053163152661
1.90808405021656
1.96699735736908
2.07519845406753
2.0916498651875
2.10059197898021
2.03426512212908
1.99480259855324
2.0679609822249
2.09143028153089
2.12173054840069
2.14968621034437
2.19619623817639
2.22849145593848
2.2393974704213
2.2506758363285
2.28481154536542
2.28166506085021
2.21770912809893
2.21478554271213
2.16454666045958
2.10824115461631
2.04527905893944
1.98325210579185
1.96570519797571
2.04478485234322
2.1244949172589
2.16888434387573
2.32358444718421
2.34414762400852
2.45600789914035
2.72212171013624
2.89192720188754
3.06440099809014
3.28009765651537
3.46463715471885
3.6904475305039
3.75519142096041
3.8645372353354
3.88819318408
3.921156211374
3.92847064698275
3.85326747092702
3.86207182697041
3.83684583589311
3.72769426030971
3.60507596856986
3.25502997826387
3.09183319991247
2.82238042841473
2.56736566456583
2.26514754229307
2.19609335735671
2.37636058386371
2.65353302139312
3.14233737766821
3.70827115385721
4.23784767468824
4.68261413292049
5.18389496584896
5.49591400069588
5.74324538749479
6.15837997676516
6.36240886004335
6.64734549973288
6.86067702226695
6.89877163760572
7.14830380746464
7.0333757702848
6.79519422910129
6.57350928044574
6.350343969271
5.8959342529266
5.61597665081822
5.40468207217859
5.22309586763755
5.22000284919588
5.06641853170718
4.98850948624746
4.80627056240043
4.59346377959866
4.35813677593604
4.16844665693255
3.93878974910109
3.85186463142682
3.71553684175968
3.69047102066194
3.49441902009933
3.45329596829768
3.3044492726028
3.08670915369436
2.84263228593851
2.55381650743827
2.27769210957895
1.96706153944646
1.72593653273715
1.47372734085895
1.38071127163803
1.26240954601375
1.16312692885195
1.14289349552786
1.10884555298998
1.01672326938304
1.02174190326178
0.995372320935794
1.03078921514639
1.0374961638013
1.04560705956113
1.05525031239494
1.16492929168116
1.2414483483757
1.23972385720137
1.20710066897859
1.25378163588632
1.2434120852648
1.24708896691705
1.23060448168946
1.29855681144447
1.36025011615973
1.43029029035623
1.48741719795539
1.51274817164274
1.52582885664504
1.50800641382654
1.52181775576282
1.51359608846775
1.55960044023189
1.638730196982
1.68788498620267
1.68201486026882
1.71547125411652
1.70134175359944
1.6268663187786
1.48714936804121
1.45849458408185
1.38616558901166
1.37223084348922
1.38925343741168
1.39939120342772
1.43586230578123
1.50563977889834
1.50180430355452
1.57547110550121
1.57015103903511
1.50628854802501
1.58997915985483
1.66070288002365
1.70084237563051
1.80419125765447
1.85276035592929
1.98664023479908
2.05881322346041
2.16445930941645
2.29942355672117
2.73134098903486
3.26850922528539
4.03034745445077
4.9279170571445
5.79037204797942
6.43792319775656
7.17333637609478
7.96508034823305
8.56494350550654
8.80144275446244
9.10185668021102
8.98645961317765
9.24399633568493
9.11991019163603
9.00403445841434
8.83935675874008
8.3526902342856
7.95465334302761
7.65474744700229
7.12845947984537
6.58063599684527
5.99120755269579
5.30084969877122
4.77701160904433
4.19533393157882
3.59696531609514
3.01334132188102
2.54706045456685
2.14909339360362
1.85646947019106
1.56194178190028
1.32396002040481
1.10190732964566
0.894589592479081
0.745472309910867
0.613735598265527
0.553267103809591
0.527137370131498
0.472680851485695
0.434477989967452
0.430882038126155
0.388772713851999
0.3945017246902
0.418385035756689
0.415675203672864
0.430233058681518
0.480832038900047
0.476990001546372
0.465915824276823
0.42661995801466
0.412038406388135
0.405769973847036
0.394152986853822
0.364385879387185
0.356348954337031
0.336163368808985
0.313672618697051
0.296942498182981
0.275822040775042
0.280580727778293
0.251987015329774
0.220694427332151
0.210404265038717
0.218005282496739
0.23402254630442
0.217060573493882
0.203751714116253
0.196976323885183
0.187781174595182
0.174325824559401
0.167988357002915
0.156481782363892
0.13467232083978
0.12420569661621
0.116209176145952
0.107449602562992
0.097591951823284
0.0906565772143379
0.0839516079072008
0.0790791698948462
0.0753441158949006
0.0694161137709453
0.0695831077838634
0.0697353768317631
0.073150996805907
0.0706362767788377
0.0663274553987746
0.0610122598392635
0.0654594159094761
0.060350609354028
0.0544491845261104
0.0503445830290913
0.0455536750545414
0.0443784632637776
0.0431678822711672
0.043232347984471
0.0404639662332198
0.0388523831089183
0.0378680728736309
0.0378527487176271
0.0351182038337691
0.0344120640053003
0.0342669303516886
0.031429187462778
0.0295696431486777
0.0283756768133139
0.0251221266442309
0.0253443588242235
0.0252852285476789
0.0246602217241009
0.0247280352287888
0.0225789152822399
0.0207899180857644
0.0204603465885874
0.0188038962087754
0.0181036972415008
0.018112205688298
0.0171569806690838
0.0154032725290802
0.0158694680237368
0.0166819247345438
0.0172513349229285
0.0167146511033699
0.0165449820289777
0.0162627637319479
0.0162150370623875
0.0153334954721942
0.0143538927538715
0.0149831802248527
0.0160898658419964
0.0155812412522708
0.015518194350807
0.014655684078578
0.0153187082498326
0.0145422106870895
0.0149675943734362
0.0153132648085884
0.0136939660172081
0.0129209629504499
0.0125886593517934
0.0125400786825914
0.0120578349226028
0.0120699450504312
0.0125320176135419
0.0127261565647446
0.0115595603673254
0.0104856120640799
0.00939252271015947
0.00824159241277213
0.00726932409899994
0.00774238775509478
0.00819550778821212
0.00838097706469064
0.00719290295395609
0.00712524655393859
0.00670389182069992
0.00657290866777352
0.00689592683435669
0.00682310488217742
0.00642443425386089
0.0058747851763863
0.00568174125980665
0.00564015315777328
0.00562602269925816
0.00580738589961327
0.0059921393090175
0.00585743805926946
0.00567890115748773
0.00558152314031804
0.00489629828320637
0.00512536592590369
0.00495829435080842
0.00525538475402355
0.00538211789965462
0.00490370734388482
0.00480798262407301
0.0048315756480956
0.0049111662181344
0.00502575528884193
0.00488626604550436
0.00504152698857521
0.00506485325039727
0.00523565714332709
0.00527504344538828
0.00510718367400112
0.00514038274945293
0.00534518037072922
0.00497954236306796
0.00490020809981841
0.00447007368540964
0.00456424590244278
0.00455608771838734
0.00450671332897854
0.00437322984171494
0.00430507504377334
0.00443851430121321
0.00454791872163927
0.0047178174273743
0.00470084601923096
0.00434184709989521
0.00434474632919087
0.00427907230268189
0.00445504370520362
0.00436548488971974
0.00431012560820245
0.00430941152315592
0.0040046007654338
0.00349761945948428
0.00344043974055069
0.00355033260155556
0.00348834796437137
0.00341868991460521
0.00343885200445097
0.00329126788774475
0.00328305762564653
0.00306960441308234
0.00331962686258736
0.00312442981726178
0.00312578321679609
0.00270459686307345
0.0023609344909316
0.00216705566875939
0.00206346290769669
0.00201454029909316
0.00170039021381592
0.00183094726143913
0.00135442345914844
0.00120668756141227
0.00137653958511302
0.00126948142427885
0.00103983706747536
0.000954950204596398
0.000824435832117504
0.000674451067492209
0.000547913864730764
0.000449185210217193
0.00035458934202071
0.000345308147375813
0.000288686109765847
0.000264938735687055
0.000309676909675284
0.000228576691839754
0.000245246286494091
0.000176387608632059
0.000103766860710639
8.54773538814189e-05
7.55726123772351e-05
6.55109173145928e-05
8.61114773008835e-05
9.12609096177693e-05
6.42470784942076e-05
4.43928981942722e-05
5.93979721899087e-05
5.99068493353932e-05
5.07745681420763e-05
4.08237601144421e-05
2.3887623894196e-05
1.42948128395865e-05
8.26237660920841e-06
4.60947404283768e-06
5.85118363907757e-06
4.84021011439686e-06
3.21986330288031e-06
3.15576473477643e-06
2.11014254967202e-06
2.07300648781561e-06
1.90405268161083e-06
0
0
0
0
0
0
0
0
0
0
0
0
0
0
0
0
0
0
0
0
0
0
0
0
0
0
0
0
0
0
0
0
0
0
0
0
0
0
0
0
0
0
0
0
0
0
0
0
0
0
0
0
0
0
0
0
0
0
0
0
0
0
0
0
0
0
0
0
0
0
0
0
0
0
0
0
0
0
0
0
0
0
0
0
0
0
0
0
0
0
0
0
0
0
0
0
0
0
0
0
0
0
0
0
0
0
0
0
0
0
0
0
0
0
0
0
0
0
0
0
0
0
0
0
0
0
0
0
0
0
0
0
0
0
0
0
0
0
0
0
0
0
0
0
0
0
0
0
0
0
0
0
0
0
0
0
0
0
0
0
0
0
0
0
0
0
0
0
0
0
0
0
0
0
0
0
0
0
0
0
0
0
0
0
0
0
0
0
0
0
0
0
0
0
0
0
0
0
8.82640433310883e-18
2.60625764914517e-17
2.89102747733072e-18
0
0
0
1.30661138780551e-16
2.7732465743326e-16
4.99917354360442e-16
1.37957272385794e-15
7.84807686542927e-16
5.27759916434262e-15
2.9373721696143e-14
2.20052484716246e-13
6.35496744848114e-13
2.3070347469099e-12
1.04596901996954e-11
2.91383214317366e-11
8.105228367529e-11
2.75310537430402e-10
6.26523842454788e-10
1.73552364074259e-09
6.3893212196518e-09
1.12476827220509e-08
4.47105717804463e-08
6.75956449157361e-08
1.34228620904223e-07
3.47682558155846e-07
8.9519560454329e-07
1.51249336066108e-06
3.8738236043464e-06
8.48915852566237e-06
1.99407029304698e-05
3.50916848363784e-05
6.93216071276423e-05
7.88792575325854e-05
0.000158434057397924
0.000342166728410844
0.000638820554631437
0.00168519299388541
0.00339487341652371
0.00828936228399193
0.0156263830739455
0.0336141108286201
0.0609147900077077
0.111672735379545
0.196256382548351
0.338939782624218
0.53521529092483
0.77836517149534
1.11216949285651
1.44289684938232
2.21500988593392
2.78370196499374
3.23057788550767
2.96464846615602
2.72920453696476
2.18569389447008
1.5957198381336
1.21762957145391
0.826898507938523
0.571171271700455
0.425850015181977
0.327451324944421
0.243111366412948
0.15378227590762
0.0897532171756012
0.0597359616052188
0.0325822929296568
0.0196403412620172
0.0110727201328789
0.00524534214717407
0.00226441996154647
0.00114347092891159
0.000503363109663376
0.00021349527174537
7.14873994229054e-05
2.61247785284029e-05
1.61397724975849e-05
4.8115047531219e-06
1.84158522138928e-06
6.93805080614499e-07
5.46882114134061e-07
2.24029587770861e-07
1.02412046070564e-07
6.56059230412518e-08
3.62548245572024e-08
1.65202943235732e-08
1.8474115519961e-08
1.90654911426272e-08
1.33807190601283e-08
3.79508579158909e-08
1.79479988923636e-08
1.57539049501039e-08
8.40559623761367e-09
1.11851517320909e-08
8.55806959352262e-09
1.25676599652867e-08
3.23899239411916e-08
4.91050358816276e-08
1.03909237488785e-07
1.18794444709309e-07
2.17440464946259e-07
3.64081775673184e-07
2.8284323537956e-07
3.38531372373125e-07
3.82704626486009e-07
5.5026545303539e-07
3.94826143168944e-07
2.65751960245331e-07
1.39791953997084e-07
1.15146294144445e-07
7.24846928608249e-08
1.17807905542187e-07
2.53683060068299e-07
4.357909698667e-07
7.73384771065151e-07
9.33060230488613e-07
1.0114799269109e-06
1.52035033200967e-06
2.0488462639167e-06
2.70001332446088e-06
2.69548629073477e-06
3.1337231331525e-06
4.01508127784014e-06
5.56303583170495e-06
5.67810971780604e-06
4.34529146726789e-06
7.88779633846765e-06
1.01935695224006e-05
1.52457896086457e-05
2.04893194364668e-05
2.8635454817939e-05
5.68913029660256e-05
0.00013888036763607
0.00024472503356978
0.00052659420103167
0.0011500556585884
0.00233550300562675
0.00468669756523165
0.00939264053297581
0.0166846352791108
0.0284521133129553
0.0492026257169856
0.0802560651109956
0.130155426086801
0.203279475968742
0.290181505451626
0.345507174248404
0.435305276842974
0.34190174186713
0.255435702787278
0.169904746463605
0.109116693867495
0.070244692053641
0.0408497143194176
0.0217676909616843
0.0148544458836757
0.0124640019368432
0.00674303625364682
0.00496268651542649
0.00457595465299058
0.00395022714309667
0.00342232981574768
0.00397674668179547
0.00366885088072881
0.00376164272803853
0.00495975041139679
0.00586126972759202
0.00599528816412083
0.00454250717846474
0.0041457187811
0.00290549859307102
0.00212577477790736
0.00149721281595439
0.00108861321519051
0.000750083517074931
0.000546868925273467
0.000384182073533928
0.000379183078153325
0.000316615255792921
0.000247276388808727
0.000309622857781828
0.000271639908951597
0.000317303472039269
0.000312062496789656
0.000253722082476329
0.000171780518523437
0.000193582679914059
0.000206813833200042
0.000152167358130681
0.000136248337282669
0.000231560785439778
0.000174219447772211
0.000299554873396788
0.000346726584293653
0.000695436060322701
0.00073027408953572
0.000837160148655082
0.00150715253069136
0.0017966997324577
0.00191896520027924
0.00178312427037663
0.00134228328787373
0.000802550441433903
0.000476801715902603
0.000325239477453362
0.000176333909560649
0.00011766942524756
7.96576763981747e-05
3.74482783922919e-05
2.7926287002262e-05
1.18846395499136e-05
7.63671413132374e-06
7.89617177838099e-06
4.36452646453955e-06
4.63074958829493e-06
8.60595081920266e-06
1.0762836080604e-05
1.69436770780688e-05
1.99498635908731e-05
3.37747190026255e-05
7.92772973262337e-05
0.000112095455659018
0.000164515101414019
0.000246434678505987
0.000513679036404494
0.000720270405652783
0.00131284946604934
0.00167917228195002
0.00257450143348351
0.00285510821273245
0.00465289279023936
0.00731171528627602
0.010997104542345
0.0134914350842508
0.0173581197237537
0.0233241266292578
0.0386327651400259
0.0505038954333265
0.0676231049110662
0.0978833910307603
0.144045125260155
0.196861411061706
0.278293901759525
0.319913049043085
0.377434824043897
0.407652594921925
0.377078160997898
0.382151518716424
0.314928428901802
0.252809733845457
0.181136487921516
0.104890426639578
0.0633817944393059
0.0352694489093214
0.0186628915811862
0.00874760637414222
0.00433879222961244
0.0017609920070018
0.00067727844075678
0.000268369402208695
9.41117286313648e-05
3.6903115807555e-05
1.16058280569926e-05
6.8610484247208e-06
3.37181569217872e-06
1.11024424104089e-06
5.68842919975849e-07
3.52569973564673e-07
3.78608033050006e-07
3.7558925758933e-07
1.5916720840691e-07
7.26276792337949e-08
5.61575232122245e-08
4.39808382401939e-08
2.98253800716687e-08
3.72990318776464e-08
3.8683061691764e-08
4.2443297107194e-08
8.16898140208599e-08
1.16555060726984e-07
1.91927777551223e-07
2.12651535566551e-07
2.60462264350956e-07
4.95401051107046e-07
6.9793960003385e-07
1.05403047745273e-06
1.4113736640518e-06
1.6401117152236e-06
2.49860812656715e-06
3.07170103407851e-06
3.74077881957009e-06
5.96596967632232e-06
9.31487998766121e-06
1.09637691065959e-05
4.93749188856654e-06
2.39027229563118e-06
1.86501739540403e-06
1.69898682584387e-06
6.76664384127712e-07
5.00012814447687e-07
2.13247738260185e-07
9.84704721772326e-08
2.27127398760211e-08
1.57340006342016e-08
3.84464655019709e-08
5.69525285098992e-08
2.14056325989857e-08
7.81215032778583e-09
2.57267236947665e-09
8.06212585757905e-10
2.40364762012238e-10
2.9894504614169e-11
